1 0.00149762 -0.000655393
2 -0.0439039 0.016004
3 -0.0363251 0.0133104
4 -0.00388822 0.00147479
5 -0.00290608 0.00112212
6 0.00844646 -0.00303001
7 0.0467374 -0.0170529
8 0.106795 -0.0391877
9 0.170862 -0.0627429
10 0.130277 -0.0480598
11 0.022153 -0.0086165
12 -0.0398846 0.014107
13 -0.0419925 0.0149184
14 -0.00315374 0.000748513
15 0.0504168 -0.0188551
16 -0.0307414 0.0107983
17 -0.0784164 0.0282781
18 -0.0991601 0.0360479
19 -0.0974558 0.0355233
20 -0.081544 0.029797
21 -0.0622711 0.0228247
22 -0.0392639 0.0145056
23 -0.018901 0.00709203
24 -0.00283189 0.00122963
25 0.00748969 -0.00255272
26 0.0132789 -0.00467907
27 0.00492638 -0.00163532
28 -0.0340728 0.0126334
29 -0.0964732 0.0356026
30 -0.164099 0.06045
31 -0.130363 0.0482668
32 -0.0198145 0.00793641
33 0.0397933 -0.0139
34 0.0414683 -0.0145529
35 0.0043127 -0.000995398
36 -0.0515782 0.0194564
37 0.0292058 -0.0100882
38 0.0771299 -0.0276576
39 0.0965765 -0.0348522
40 0.0975679 -0.0353116
41 0.0827774 -0.0299959
42 0.0600427 -0.0218178
43 0.0381737 -0.0138738
44 0.0193071 -0.00700682
45 0.0034656 -0.00122813
46 -0.00714851 0.00265317
47 -0.0129575 0.00479936
48 -0.0150423 0.00557535
49 -0.0140902 0.00524193
50 -0.0114257 0.00428083
51 -0.00793632 0.00301513
52 -0.00489538 0.00191498
53 -0.00201139 0.000864335
54 0.000114556 8.82515e-05
55 -0.00866504 0.00330147
56 -0.0350593 0.0129704
57 -0.0681407 0.0251133
58 -0.100763 0.037222
59 -0.0315826 0.0120027
60 0.0145938 -0.00486627
61 0.05387 -0.019256
62 0.0925522 -0.0334675
63 0.126229 -0.0460119
64 0.151853 -0.0555165
65 0.0711172 -0.0261192
66 0.00829513 -0.00319742
67 -0.0315228 0.0113676
68 -0.0534367 0.0194196
69 -0.059762 0.0217882
70 -0.0547563 0.0200706
71 -0.0453457 0.016681
72 -0.031702 0.0117328
73 -0.0184489 0.00691387
74 -0.00702964 0.00275288
75 0.000914415 -0.000147616
76 0.00612791 -0.00205667
77 0.00857658 -0.00295901
