1 0.528563 0.0907686 0
2 -2.4851 0 0.44942
3 -2.72151 0 0.480077
4 -0.872327 0 0.146741
5 -1.70417 0 0.313531
6 -1.99213 0 0.362798
7 -1.55452 0 0.282392
8 -1.5433 0 0.287275
9 -1.79924 0 0.334839
10 -1.62172 0 0.301624
11 -1.56662 0 0.294735
12 -1.70883 0 0.322906
13 -1.6413 0 0.311354
14 -1.56476 0 0.301138
15 -1.62274 0 0.313254
16 -1.62361 0 0.31413
17 -1.57047 0 0.305812
18 -1.58857 0 0.312053
19 -1.59269 0 0.313979
20 -1.55844 0 0.309018
21 -1.56356 0 0.311533
22 -1.56976 0 0.31508
23 -1.54391 0 0.31163
24 -1.53751 0 0.311967
25 -1.54322 0 0.3155
26 -1.52494 0 0.313401
27 -1.51432 0 0.312884
28 -1.519 0 0.315047
29 -1.51051 0 0.315931
30 -1.49309 0 0.314033
31 -1.49084 0 0.314994
32 -1.49004 0 0.316066
33 -1.48141 0 0.316933
34 -1.46686 0 0.315531
35 -1.46482 0 0.316481
36 -1.46293 0 0.317332
37 -1.45295 0 0.317928
38 -1.44253 0 0.317257
39 -1.4385 0 0.317787
40 -1.4354 0 0.318418
41 -1.42832 0 0.318317
42 -1.42259 0 0.31966
43 -1.41185 0 0.318886
44 -1.40689 0 0.319226
45 -1.40459 0 0.319986
46 -1.398 0 0.31994
47 -1.39187 0 0.321159
48 -1.38195 0 0.320512
49 -1.37664 0 0.320756
50 -1.37427 0 0.321482
51 -1.36736 0 0.321355
52 -1.36307 0 0.322855
53 -1.35288 0 0.322124
54 -1.34497 0 0.321879
55 -1.34639 0 0.323291
56 -1.33298 0 0.321928
57 -1.33795 0 0.324028
58 -1.33109 0 0.324907
59 -1.31141 0 0.322448
60 -1.30882 0 0.323225
61 -1.32162 0 0.326613
62 -1.30056 0 0.323734
63 -1.30087 0 0.326081
64 -1.29385 0 0.325851
65 -1.28447 0 0.325261
66 -1.28368 0 0.326239
67 -1.27985 0 0.326581
68 -1.26999 0 0.325861
69 -1.26809 0 0.326632
70 -1.25239 0 0.325906
71 -1.26397 0 0.329081
72 -1.25127 0 0.32768
73 -1.2332 0 0.32554
74 -1.23554 0 0.327132
75 -1.23236 0 0.327522
76 -1.22873 0 0.327882
77 -1.20023 0 0.323749
